 
======================= CONFUSION MATRICES =========================
          group            student #1         student #2         student #3
      a  e  i  o  u      a  e  i  o  u      a  e  i  o  u      a  e  i  o  u
---|------------------|------------------|------------------|------------------|
 a | 45  0  0  0  0   | 15  0  0  0  0   | 15  0  0  0  0   | 15  0  0  0  0   | 
 e |  1 44  0  0  0   |  0 15  0  0  0   |  0 15  0  0  0   |  1 14  0  0  0   | 
 i |  0  0 43  1  1   |  0  0 13  1  1   |  0  0 15  0  0   |  0  0 15  0  0   | 
 o |  2  0  0 42  1   |  0  0  0 14  1   |  2  0  0 13  0   |  0  0  0 15  0   | 
 u |  2  1  0  0 42   |  2  1  0  0 12   |  0  0  0  0 15   |  0  0  0  0 15   | 
