 
======================= CONFUSION MATRICES =========================
          group            student #1         student #2         student #3
      a  e  i  o  u      a  e  i  o  u      a  e  i  o  u      a  e  i  o  u
---|------------------|------------------|------------------|------------------|
 a | 75  0  0  0  0   | 25  0  0  0  0   | 25  0  0  0  0   | 25  0  0  0  0   | 
 e |  0 74  0  0  1   |  0 24  0  0  1   |  0 25  0  0  0   |  0 25  0  0  0   | 
 i |  0  0 74  1  0   |  0  0 24  1  0   |  0  0 25  0  0   |  0  0 25  0  0   | 
 o |  0  0  0 75  0   |  0  0  0 25  0   |  0  0  0 25  0   |  0  0  0 25  0   | 
 u |  1  1  0  0 73   |  0  0  0  0 25   |  0  0  0  0 25   |  1  1  0  0 23   | 
